 0 0.571867182170 0.558097189029 0.566163964168 0.555201093768 0.579651301648 0.565568181818 0.533518930958 0.546015776838 0.561283714578 0.564920273349 0.591027825099 0.565970993987 0.557334963325 0.556738806825 0.536398467433 0.575042568718 0.556814241128 0.544915971467 0.554170661553 0.578332569858 0.557929998845 0.580190341910 0.542146974063 0.576718938480 0.574966286625 0.555974546312 0.565791023678 0.584577114428 0.539694189602 0.558696457228 0.557852655625 0.567317574512 0.560440808907 0.562240663900 0.562544420753 0.557029491887 0.553685994432 0.571862940007 0.564201397254 0.558236887466 0.578003875969 0.547686711379 0.573166492875 0.557517899761 0.573887240356 0.569359664871 0.550188420692 0.581384133108 0.556859954939 0.571428571429 0.572450601862 0.573321356389 0.561654733492 0.568476039064 0.549037372593 0.574030552291 0.559790050205 0.566266425011 0.573779860555 0.588897736321 0.579347700818 0.549139623513 0.567545963229 0.563483973270 0.571558692930 0.569216757741 0.612040939193 0.565710398004 0.573289533303 0.558229284904 0.568955764227 0.547046462760 0.567060146150 0.573624871882 0.565394632544 0.575118966689 0.593079977311 0.564512471655 0.568848255101 0.563346613546 0.569284983517 0.572947296992 0.571050816280 0.538591931292 0.564519799727 0.583052814858 0.539870321920 0.579726522771 0.565973791234 0.574954504095 0.544876164508 0.563855148144 0.554288321168 0.546796338673 0.554276118508 0.567279540930 0.572224116377 0.566332345566 0.554391160724 0.559434177504 0.548861047836 0.559621523028 0.581754226711 0.558841134922 0.531873645798 0.563545340767 0.543084803643 0.537083523505
 0.571867182170 0 0.571202531646 0.572104551600 0.576883852691 0.563390313390 0.592279038266 0.561680373416 0.580443433769 0.565958888638 0.566342676311 0.602097192468 0.589289899227 0.571445959104 0.569964704543 0.571564885496 0.565064762135 0.559816303100 0.569711538462 0.563006193425 0.571704765154 0.568017449202 0.574582408597 0.558486512294 0.587981288233 0.573550901120 0.564621868415 0.574888836883 0.591456219023 0.577124103561 0.563052011776 0.573427368900 0.557393767705 0.579036443642 0.572329206786 0.561896916922 0.585555817796 0.579434756464 0.581813958890 0.570075530512 0.583537181996 0.572305101059 0.552744522250 0.581210374640 0.562039458046 0.577612644492 0.573024361260 0.559347012810 0.579995202686 0.563207547170 0.592513874129 0.573010849910 0.568542085287 0.576253953909 0.595235407023 0.576685045572 0.585414235706 0.576122797044 0.572346179851 0.571688252670 0.581873658040 0.594204558470 0.577015712811 0.594971117907 0.576481189457 0.577815506508 0.586574441547 0.633401221996 0.559783832470 0.569574540120 0.557325200497 0.578568212517 0.561977715877 0.562988608443 0.580973952435 0.561987186692 0.583586626140 0.593002257336 0.552468788663 0.551031728422 0.581266281572 0.585732023930 0.585308323037 0.571150988684 0.573065258901 0.589978509218 0.584890426759 0.561759729272 0.585264341957 0.567367119901 0.575651585242 0.569070766448 0.571186823105 0.568109700816 0.579622898682 0.580544933078 0.574772886094 0.578197444306 0.564390078152 0.580813229131 0.571120444999 0.572834200407 0.555505261967 0.570606163224 0.553732762720 0.569795086607 0.558294696370 0.557341786483 0.576522526602
 0.558097189029 0.571202531646 0 0.566309859155 0.576879528986 0.569815805110 0.565325497288 0.556530430920 0.559148354776 0.558291911432 0.549518958687 0.590739695088 0.581280788177 0.566248935394 0.556503926255 0.546061256108 0.568349679138 0.561687938370 0.553549939832 0.567167740396 0.559034498463 0.574384916073 0.571428571429 0.565753260739 0.562245630836 0.556827871848 0.564183649567 0.555438225977 0.606371681416 0.558303886926 0.577343654012 0.553321976150 0.553656327824 0.565080081209 0.573723465290 0.558896356562 0.575218108937 0.564114890037 0.570516540917 0.560882070949 0.555555555556 0.559562447410 0.537861663653 0.562953576777 0.551151198671 0.557431235982 0.572142262400 0.573098751419 0.594695151224 0.559971694775 0.559886605245 0.544920329981 0.568526785714 0.557929241551 0.571687019448 0.561071710008 0.580170500993 0.585537518447 0.557833089312 0.573880427370 0.575826165686 0.583896460886 0.568113944406 0.555530371714 0.581306306306 0.560657596372 0.588148484504 0.621844718268 0.574391343553 0.574873239437 0.550474254743 0.576112676056 0.560440835267 0.557205045206 0.573547729589 0.565853109886 0.565986701228 0.578757469839 0.554617117117 0.558131794986 0.556047197640 0.579048480054 0.557053009883 0.571461187215 0.555642897249 0.575483433224 0.573585340555 0.551147281564 0.565407956844 0.558952455884 0.580433800271 0.547777903426 0.565831074977 0.560806981752 0.546757679181 0.570304114490 0.589202425373 0.560217120887 0.559556159420 0.565010211028 0.563017583664 0.563873159683 0.538688116008 0.562740221569 0.542326467437 0.558740228843 0.561552387418 0.537607612143 0.555593258681
 0.566163964168 0.572104551600 0.566309859155 0 0.577240366143 0.553560883430 0.574480044969 0.552215714444 0.570456864301 0.566220321818 0.558763816828 0.581188897629 0.584821949796 0.578603412804 0.579001019368 0.550521821632 0.569928804151 0.557041609511 0.560902436097 0.565945817490 0.565941536370 0.573180515759 0.558778981708 0.542558250119 0.541059918835 0.571047849788 0.560750932836 0.593145255304 0.594102443609 0.556146500665 0.566886769381 0.561990027199 0.563636363636 0.582545045045 0.585148853656 0.558267808943 0.558180535966 0.562014113144 0.573740175682 0.574242062545 0.552836620404 0.540796736261 0.557932665240 0.573957016435 0.569398389389 0.582715177205 0.551001066224 0.546101694915 0.589893680564 0.578934994710 0.572503822180 0.575570288796 0.559399332592 0.560179977503 0.570561115484 0.579466487335 0.576677130566 0.575305291723 0.571925884335 0.562103354488 0.573184483536 0.576251853542 0.567268158977 0.587478849408 0.578752938542 0.564913072928 0.593859352071 0.622495229008 0.563650651100 0.589323763598 0.564405444932 0.568049327354 0.563034929447 0.577735765125 0.570287000563 0.575584648092 0.561622289630 0.590469768487 0.566198764739 0.570546056260 0.550333295673 0.569580380245 0.555219534050 0.562720345730 0.563681091356 0.579842342342 0.568751437112 0.550905613680 0.568645016797 0.547864012525 0.578100382624 0.560585585586 0.572728293834 0.555367422960 0.564671268530 0.562418183982 0.582568274259 0.561198063281 0.558777075812 0.547847700825 0.577127359024 0.572281690141 0.551439864483 0.570801440792 0.545389818441 0.535726341848 0.557369665578 0.532543711224 0.571880650995
 0.555201093768 0.576883852691 0.576879528986 0.577240366143 0 0.556745182013 0.587143503848 0.572191918067 0.562214611872 0.570830504639 0.586007483842 0.598845762136 0.591731266150 0.566361974406 0.575045620438 0.563649390972 0.571810449575 0.570574712644 0.561777456647 0.563775205823 0.585045662100 0.577450190026 0.579847685999 0.561416098553 0.574894894895 0.563842773438 0.575978375837 0.588297497356 0.609888810031 0.583302819480 0.589437399975 0.572503419973 0.565197637438 0.579311126218 0.572855666552 0.584959205392 0.579867674858 0.582670523018 0.573539678846 0.561359269933 0.578496203772 0.561620776722 0.565659993213 0.587154903546 0.591666666667 0.583697578263 0.568891537545 0.575358035917 0.577024753665 0.566233766234 0.584446282945 0.581211092247 0.565421605905 0.576796830787 0.577501413228 0.568914956012 0.592225075881 0.571054429515 0.580922242315 0.575059842699 0.587488667271 0.597839825348 0.577573317999 0.587500000000 0.590380490008 0.586210813267 0.604590387456 0.621767241379 0.576328556922 0.610960451977 0.563327674024 0.580641517958 0.568673018824 0.589511349659 0.588674971687 0.573071718539 0.576215728309 0.586588394671 0.569783197832 0.570952328036 0.561924257932 0.575452488688 0.573342339300 0.567400275103 0.569033419602 0.581010650351 0.578060046189 0.583427537870 0.574226223973 0.557343837929 0.582287071598 0.569420831917 0.582418825659 0.575300521660 0.584795988147 0.582675281168 0.580577305130 0.572303504593 0.571282633371 0.581733499943 0.591906331704 0.563995011903 0.561252268603 0.573174872666 0.562343395776 0.560471976401 0.557406777740 0.554799183118 0.570926009986
 0.579651301648 0.563390313390 0.569815805110 0.553560883430 0.556745182013 0 0.597181096767 0.564159292035 0.577093037143 0.571784527765 0.570936311787 0.597728348320 0.575456855863 0.569617105917 0.563962465851 0.545476742766 0.572539819731 0.580040587322 0.555541856738 0.571603277486 0.563057173422 0.592765600671 0.579252110977 0.578404907975 0.565040650407 0.568317570931 0.567854984894 0.585769509543 0.599829973282 0.569351230425 0.563486100676 0.556572379368 0.561338732730 0.570598006645 0.556377520582 0.570613236187 0.568917444539 0.581277750370 0.577630787733 0.572218128224 0.559895183429 0.547577854671 0.570343108156 0.583353264769 0.574395309064 0.570009689922 0.563301184227 0.578527168732 0.592784139884 0.570821185617 0.573440155378 0.564728177188 0.562529219261 0.569870807159 0.588639867188 0.550868486352 0.579112776502 0.590676655964 0.585345643939 0.571292662623 0.582780672667 0.585943103036 0.549856870229 0.571784823655 0.591567542103 0.576027559990 0.584058143691 0.630265797392 0.576650106458 0.590650887574 0.564680750059 0.574656885944 0.563168650078 0.581749941356 0.580882352941 0.557078704798 0.569406769666 0.589397704414 0.555529300567 0.563720930233 0.567860116570 0.583886255924 0.568077331133 0.560557341908 0.566478076379 0.579115799455 0.573501199041 0.572412155745 0.577113840340 0.569288831230 0.581940988269 0.566666666667 0.568771472574 0.569104725718 0.589777195282 0.557328750307 0.579505726341 0.554041242000 0.568443547430 0.580480266286 0.588438617402 0.573581770710 0.548018564798 0.559161435509 0.544853751071 0.551806083650 0.569259962049 0.544547398432 0.572277698526
 0.565568181818 0.592279038266 0.565325497288 0.574480044969 0.587143503848 0.597181096767 0 0.563199291016 0.568767745599 0.584029817032 0.558378500452 0.580558055806 0.577912962096 0.584121212121 0.589737768192 0.555317630264 0.572171179884 0.572230496048 0.554754177185 0.554988123515 0.569353007946 0.581200504993 0.573491730724 0.574358974359 0.585079631182 0.595504252734 0.570742562661 0.581188582124 0.616163996230 0.578896182835 0.573408561266 0.574562400546 0.559276018100 0.568012632529 0.579007546307 0.573864972948 0.592274172653 0.595941402498 0.574357192495 0.573958831977 0.580629421810 0.573298115020 0.561914437295 0.590224266820 0.582977714557 0.574670743180 0.575703598147 0.574456029012 0.580575797396 0.580280362822 0.562728236541 0.559882605260 0.568374164811 0.572846188543 0.584676056338 0.578485428153 0.572658522397 0.582767210145 0.580822841727 0.575093654217 0.590622182146 0.584437842779 0.557820013739 0.564745762712 0.583632286996 0.568694076339 0.578989030872 0.591483778626 0.577537699752 0.571428571429 0.577599819535 0.568843430370 0.583709882980 0.597144769128 0.579209039548 0.575614685079 0.567184334909 0.582527546661 0.560116972219 0.557766721946 0.578381437465 0.582451002478 0.560866150567 0.571835479093 0.575271830512 0.595149464185 0.578250863061 0.569654549560 0.595873514241 0.576349152923 0.593929820603 0.568192064923 0.562281591703 0.558031674208 0.579024943311 0.574922452875 0.581178662940 0.563700022589 0.582664707877 0.579601990050 0.586097588588 0.575822684609 0.547926580557 0.573037504223 0.566349583829 0.553020892151 0.572493224932 0.545701050729 0.558630817894
 0.533518930958 0.561680373416 0.556530430920 0.552215714444 0.572191918067 0.564159292035 0.563199291016 0 0.555963915804 0.560888888889 0.552306837132 0.583582254674 0.565907522429 0.549564595014 0.552752037513 0.540420560748 0.565954922894 0.541802633060 0.546087572288 0.556515646894 0.555965559656 0.562182311081 0.552601421041 0.544143510376 0.550293772033 0.546854482512 0.550666360294 0.560202205882 0.556659350814 0.549362867691 0.551599711330 0.535135739024 0.558872674613 0.555259949008 0.569275753486 0.550871925165 0.562615740741 0.576492757037 0.549658314351 0.550011739845 0.544177671068 0.540365350619 0.537974683544 0.571315551537 0.560074583382 0.569310943833 0.566829951015 0.541383535702 0.569433032046 0.571246819338 0.551468887347 0.566851441242 0.550235049743 0.550221729490 0.577157416639 0.560000000000 0.569005043558 0.552511415525 0.543523946466 0.562939796716 0.570381882771 0.578374129800 0.553402433529 0.582388258839 0.556303077093 0.557805719372 0.585065007223 0.612141850634 0.554166205599 0.552582107708 0.521193963604 0.569533495468 0.552289815448 0.554788516327 0.555592580251 0.543466254280 0.559486952676 0.568642659280 0.548533480908 0.573073997609 0.549450549451 0.564446414718 0.553510415519 0.555642809064 0.544423648574 0.556011990674 0.568749293865 0.545242589097 0.571996466431 0.548913642881 0.567929964539 0.545888358673 0.554508151270 0.548659770882 0.555605131065 0.556297598125 0.571510232080 0.559973345180 0.562215056155 0.568042728385 0.566031427616 0.549111111111 0.540378197998 0.570858283433 0.545401493931 0.537341631474 0.541083721963 0.536956763366 0.548077994429
 0.546015776838 0.580443433769 0.559148354776 0.570456864301 0.562214611872 0.577093037143 0.568767745599 0.555963915804 0 0.564999430329 0.554075591985 0.579246139873 0.574362606232 0.573105134474 0.549553673610 0.557660033565 0.555528524510 0.550063517727 0.550743921616 0.574889075429 0.565709710626 0.568799907418 0.556601553307 0.543292902606 0.562582821347 0.563618533954 0.569219874897 0.561173974540 0.598599073964 0.547928413827 0.556804149173 0.546723092760 0.565863132640 0.561597087931 0.568155652775 0.550189843379 0.575008908421 0.566364186328 0.570543541788 0.569032102341 0.579940784604 0.567469442091 0.544885652520 0.575452016690 0.562500000000 0.565645773979 0.570557282947 0.552598515134 0.571790540541 0.575883329381 0.568000950232 0.567420197660 0.559061306984 0.571055025011 0.572369915928 0.573354480571 0.570236276008 0.584601304199 0.567411271119 0.579544153018 0.575068243858 0.586437550456 0.564052212083 0.568041942102 0.566760881854 0.573287671233 0.585637874132 0.621855818991 0.544774427567 0.587888410070 0.565410452010 0.561210609839 0.561938120257 0.570577657901 0.570728371139 0.551087449026 0.558733401430 0.591471021890 0.543621119420 0.582608695652 0.555466970387 0.569804456571 0.563389830508 0.565916398714 0.565600632840 0.577797998180 0.583972125436 0.572435751649 0.561019830028 0.545043005885 0.568037255793 0.574252925804 0.539352640545 0.566833941606 0.560251284980 0.576147009368 0.580065743132 0.548945868946 0.568301026226 0.578923357664 0.576075790435 0.547627176511 0.548203080434 0.556124189696 0.544768069040 0.538996579247 0.569608735214 0.551806679585 0.557937956204
 0.561283714578 0.565958888638 0.558291911432 0.566220321818 0.570830504639 0.571784527765 0.584029817032 0.560888888889 0.564999430329 0 0.555329490223 0.583972046889 0.590919755983 0.560213877749 0.554595086442 0.551321743272 0.566348131124 0.561854487032 0.568712394705 0.564792758456 0.574160500854 0.586309865625 0.572562755400 0.553023977097 0.558147882268 0.572490253411 0.564051522248 0.556647940075 0.605399669889 0.544536383548 0.564662576687 0.553082775065 0.563844238171 0.556920649234 0.584622436118 0.568013190437 0.575589622642 0.581333973129 0.571926158133 0.559190031153 0.558737151248 0.540981639266 0.549531232351 0.563621721123 0.564345866445 0.578699340245 0.566250742721 0.555593335600 0.585249042146 0.574620722098 0.581592920354 0.566227031902 0.568321249303 0.561138082872 0.599481163997 0.570560432140 0.570928604760 0.561280072628 0.567098591549 0.569498069498 0.586175739779 0.591787715887 0.546100917431 0.594012247675 0.576715410574 0.569242973708 0.596375990940 0.621757322176 0.571332133213 0.562703857834 0.553114791033 0.564713819858 0.549524472280 0.559794734494 0.565871310641 0.557430532118 0.548586870848 0.590965416244 0.551809674146 0.583462475094 0.550793650794 0.582392776524 0.568686868687 0.570401643085 0.576206509540 0.571412429379 0.573615747669 0.556433408578 0.587090970426 0.564876079399 0.561237159950 0.559959349593 0.565820642978 0.540861308918 0.560059037239 0.572876908397 0.570630022126 0.548102981030 0.574468085106 0.575427859005 0.575596517019 0.561977873109 0.557768473464 0.572009488309 0.546157506543 0.551704609809 0.549046167739 0.546205180409 0.542066629023
 0.564920273349 0.566342676311 0.549518958687 0.558763816828 0.586007483842 0.570936311787 0.558378500452 0.552306837132 0.554075591985 0.555329490223 0 0.582308473429 0.571931884909 0.544934938587 0.560259474223 0.552892069171 0.577422092882 0.557305437407 0.551317530983 0.557318382441 0.556339631232 0.573270404052 0.546198830409 0.566594930655 0.567930868939 0.561418474287 0.554942474759 0.570909517112 0.585832349469 0.554648470818 0.555910936155 0.560113636364 0.543197278912 0.555178652194 0.551371828722 0.544682857817 0.548071251622 0.560230824717 0.549261370245 0.575644871026 0.551230260742 0.554566237517 0.549593312246 0.577636887608 0.556360612899 0.545938275984 0.550940252321 0.556363636364 0.580923815237 0.566249409542 0.567561177444 0.552242177793 0.572083147072 0.565472827929 0.579482544345 0.562563351729 0.565426029963 0.565947786606 0.562978819288 0.575591985428 0.574048913043 0.590231598257 0.541379310345 0.583578708947 0.568245752222 0.564867316852 0.580480616640 0.640263630917 0.574808472285 0.571589755162 0.556133408705 0.577412453553 0.559349593496 0.571955307263 0.554788317863 0.568340463859 0.572185878637 0.582074408117 0.548557908968 0.554186098157 0.563593004769 0.559882273036 0.549454259030 0.559995433269 0.565442085159 0.582503395201 0.572319778189 0.545793758480 0.581683168317 0.540112359551 0.570799954869 0.567236886825 0.566050495942 0.560820768620 0.557449710194 0.564292543021 0.572377622378 0.550796700192 0.557269222046 0.566734647632 0.554646671211 0.549552610715 0.530457427536 0.564951950254 0.538342277877 0.551829613685 0.557679258086 0.544177616674 0.549490373726
 0.591027825099 0.602097192468 0.590739695088 0.581188897629 0.598845762136 0.597728348320 0.580558055806 0.583582254674 0.579246139873 0.583972046889 0.582308473429 0 0.575750496437 0.593549169395 0.588636363636 0.578241784316 0.592878696439 0.584020146520 0.599639423077 0.594646044021 0.581194640018 0.600871160018 0.593870178301 0.577510135941 0.593783622236 0.589805825243 0.599485319920 0.584444444444 0.604941176471 0.585117967332 0.607977486847 0.592785843920 0.594774937797 0.587108406581 0.611537140895 0.597155283884 0.612228101117 0.604988607747 0.597590640565 0.608243727599 0.595674486804 0.592659229939 0.565799842396 0.595837645165 0.593220338983 0.587826701201 0.588946869070 0.571266583513 0.598111854685 0.594801223242 0.610796793965 0.590950022512 0.580774365821 0.589004055881 0.587108406581 0.583136593592 0.591126120880 0.592617753623 0.598605017437 0.599682107175 0.579469825155 0.592901164118 0.582303113553 0.580707104936 0.574983187626 0.583955646074 0.595071218630 0.619461648404 0.583820882088 0.577428411005 0.575696088378 0.593929173693 0.598934198332 0.602361327690 0.600992443893 0.573991031390 0.603417266187 0.592476137002 0.573980451635 0.594717064545 0.588075574160 0.602722772277 0.568961650594 0.586595357305 0.599865726754 0.606405774219 0.583438757907 0.585814163284 0.600785634119 0.595342066958 0.604391891892 0.581463524636 0.582799325464 0.585836909871 0.584380305603 0.594681612211 0.613395457193 0.584450704225 0.586070662603 0.581206234470 0.592160416903 0.582109780890 0.578114401990 0.597724456461 0.582739791073 0.569185586807 0.589050354850 0.575846501129 0.579054512554
 0.565970993987 0.589289899227 0.581280788177 0.584821949796 0.591731266150 0.575456855863 0.577912962096 0.565907522429 0.574362606232 0.590919755983 0.571931884909 0.575750496437 0 0.583723797781 0.575358570421 0.570543200875 0.580177078210 0.575861255309 0.579946131244 0.576265016382 0.595204513399 0.594287068863 0.560100466451 0.570142353084 0.576384662203 0.582673267327 0.576295585413 0.586421974331 0.599012880703 0.578258184064 0.586374392826 0.581980710421 0.575290936876 0.585568700949 0.587686126211 0.582249518304 0.585521561070 0.593891264508 0.585755121486 0.577119883041 0.563446734542 0.569051987768 0.580970236700 0.582098399526 0.588221007893 0.587477423239 0.571775564732 0.590540063537 0.586639084936 0.579010711277 0.593395999036 0.582679010899 0.583140877598 0.582484486594 0.577871246641 0.588681446908 0.575185273727 0.597904156364 0.582134923419 0.597341489237 0.588517867604 0.593284464412 0.576148744671 0.580126701079 0.573789571695 0.597251585624 0.586271744241 0.609951845907 0.588310929281 0.591200840238 0.572683612510 0.613554181733 0.570543374643 0.596897429961 0.579953106682 0.572112018670 0.588811188811 0.577183559085 0.572446833372 0.578306331150 0.585294117647 0.582377720571 0.590686845169 0.577557755776 0.588611272516 0.596248534584 0.589570769777 0.595221363317 0.599207736223 0.580100198066 0.583812316716 0.580161611430 0.592410400562 0.573477545262 0.582812684192 0.585707328951 0.602819930697 0.576643192488 0.587288533835 0.588560018793 0.582145801437 0.570253759398 0.582021151586 0.586283704572 0.574112228821 0.579157845213 0.570775720647 0.569547325103 0.567538896747
 0.557334963325 0.571445959104 0.566248935394 0.578603412804 0.566361974406 0.569617105917 0.584121212121 0.549564595014 0.573105134474 0.560213877749 0.544934938587 0.593549169395 0.583723797781 0 0.559635258359 0.581768436762 0.604331948117 0.568696711328 0.567682850332 0.564357666957 0.553892944039 0.560859479917 0.564462504618 0.570537607584 0.560280140070 0.564196439843 0.559052202888 0.565458579882 0.593680572698 0.553834529656 0.559893522626 0.566682891214 0.552621973476 0.576184690158 0.573676506465 0.571022376066 0.566774033697 0.575575575576 0.575783650891 0.566391597899 0.563355296503 0.570856284427 0.559367396594 0.573300673607 0.557823976099 0.564146975133 0.577426186620 0.568312004875 0.586538461538 0.587848729076 0.574381188119 0.556027679981 0.568850107578 0.553139803231 0.582959096978 0.570754145987 0.589734121123 0.568403115871 0.553359204463 0.569481625700 0.589006188569 0.593344751652 0.560254216573 0.568563092633 0.578141944813 0.580331061344 0.588672350792 0.606134185304 0.576839303001 0.590545454545 0.570389232448 0.568523002421 0.558534185932 0.565060675237 0.565888645757 0.574501510574 0.566715010877 0.592148309706 0.560504915645 0.577830750894 0.561989516031 0.588463873710 0.565730810941 0.560720369920 0.575238325087 0.564392557461 0.588055317587 0.533705818049 0.583766155333 0.553491738029 0.576265016382 0.554477068673 0.562811020755 0.558913122944 0.559980454434 0.556247664134 0.583558946591 0.573722627737 0.554272517321 0.569305724726 0.571985858832 0.562439143135 0.550176807706 0.576834445118 0.558915018042 0.555649957519 0.565497147020 0.544235924933 0.563055927866
 0.556738806825 0.569964704543 0.556503926255 0.579001019368 0.575045620438 0.563962465851 0.589737768192 0.552752037513 0.549553673610 0.554595086442 0.560259474223 0.588636363636 0.575358570421 0.559635258359 0 0.546408971606 0.580222976248 0.560888581952 0.567850692354 0.562582030784 0.558232473167 0.577508650519 0.569005847953 0.563494913226 0.559151384394 0.560282823357 0.559113300493 0.561465304685 0.589154629410 0.558995611897 0.561116576488 0.558991328161 0.563950842057 0.576704545455 0.578263369753 0.561999057049 0.559570197190 0.571497351950 0.565820130475 0.577135316699 0.573263209393 0.570193346944 0.549329393044 0.582361768440 0.574098321628 0.569487118884 0.561793743309 0.562564161059 0.590608862736 0.580503963090 0.570635483109 0.562152344193 0.559807001795 0.567810086324 0.599478221416 0.557818510975 0.567513760393 0.560989512084 0.572010869565 0.572734544623 0.570794950529 0.599126537180 0.569688613122 0.584349014694 0.581224582015 0.569444444444 0.584359325125 0.626533557854 0.557155817646 0.581255666364 0.553559244940 0.570604861504 0.563386834147 0.563391353172 0.573425778586 0.558597285068 0.563157299559 0.581972789116 0.552240499149 0.568802228412 0.560068454079 0.571980456766 0.553486797563 0.551139617455 0.560948081264 0.579557069847 0.585154353104 0.547837929860 0.568793844761 0.545742395115 0.568295454545 0.557957001479 0.572256305385 0.567518248175 0.580512351327 0.566267942584 0.561784629759 0.561050477490 0.577387736494 0.564009111617 0.574868751427 0.563630160355 0.554581673307 0.578504885253 0.564714302756 0.556213691764 0.549624402458 0.546066902614 0.551350735210
 0.536398467433 0.571564885496 0.546061256108 0.550521821632 0.563649390972 0.545476742766 0.555317630264 0.540420560748 0.557660033565 0.551321743272 0.552892069171 0.578241784316 0.570543200875 0.581768436762 0.546408971606 0 0.556589724497 0.550395020350 0.544396284830 0.544930734339 0.558164481526 0.569280731297 0.560004839100 0.523727563314 0.559694129255 0.556745982310 0.526322173702 0.557189741096 0.578026251823 0.552196093070 0.557803468208 0.559378733572 0.554732313576 0.570153516601 0.575503355705 0.552073170732 0.566634122529 0.572028663207 0.562326535538 0.560443622921 0.547448915632 0.540590633881 0.560934891486 0.550630630631 0.544308445532 0.565190951107 0.544485294118 0.555714968914 0.590959477768 0.566276803119 0.546430750458 0.556557863501 0.560201452331 0.567126874554 0.581935023206 0.554989333965 0.556969696970 0.561568720944 0.556703479397 0.554084675015 0.572888202447 0.563137066795 0.534844668346 0.575154835636 0.554242495864 0.563716708468 0.592906615715 0.622347771500 0.568224964404 0.569462569700 0.541879529524 0.562618371212 0.551282051282 0.554038144573 0.580744972034 0.557610241821 0.557158056508 0.584775907043 0.552350427350 0.562397947282 0.546343791006 0.554750593824 0.540307328605 0.565679484118 0.551997163791 0.567217401640 0.548875796561 0.550142925202 0.584733727811 0.561391057488 0.583045600667 0.561152792664 0.564349376114 0.558841063551 0.583422906963 0.561922365989 0.571411295199 0.566753926702 0.561217183771 0.553369111509 0.576394695974 0.544489503817 0.552390034569 0.574824676097 0.545286960796 0.542520247737 0.553295265287 0.544056277572 0.548968149827
 0.575042568718 0.565064762135 0.568349679138 0.569928804151 0.571810449575 0.572539819731 0.572171179884 0.565954922894 0.555528524510 0.566348131124 0.577422092882 0.592878696439 0.580177078210 0.604331948117 0.580222976248 0.556589724497 0 0.573824279985 0.561876247505 0.591976152031 0.580465341735 0.581349932870 0.577215811441 0.561069651741 0.554064131245 0.575604838710 0.570919370698 0.579179965627 0.597980046804 0.561700526712 0.571030640669 0.587486358676 0.561446075458 0.571480406386 0.589812007277 0.578331073586 0.590107314666 0.577115048665 0.577962577963 0.558162755866 0.563810967905 0.567597904714 0.574524760867 0.582815356490 0.571162675270 0.586130306022 0.563807401906 0.574447413165 0.586641697878 0.563685636856 0.581472801283 0.573342991670 0.552525011910 0.580512572534 0.586561743341 0.587555662535 0.575973467633 0.573040524145 0.575706351123 0.569107662464 0.576588547958 0.582300024313 0.562187842612 0.579093992248 0.577556169650 0.576433507092 0.584901080228 0.629898218830 0.575413597392 0.597856196555 0.552653850804 0.561289546493 0.561940938610 0.567044776119 0.586048201526 0.563342967245 0.566714836224 0.609388198383 0.567414375301 0.580014224751 0.572591422670 0.567515385544 0.561809889582 0.569798494780 0.572166186359 0.596663039536 0.573343079922 0.570545454545 0.579429122004 0.564167267484 0.581611695059 0.584169184290 0.579449408355 0.569055414090 0.571653925494 0.569420253794 0.569536423841 0.579106645685 0.576246512192 0.593571861734 0.575941676792 0.570060606061 0.565349175558 0.571169647173 0.559662614736 0.568986420951 0.564180188908 0.556296206520 0.555056997332
 0.556814241128 0.559816303100 0.561687938370 0.557041609511 0.570574712644 0.580040587322 0.572230496048 0.541802633060 0.550063517727 0.561854487032 0.557305437407 0.584020146520 0.575861255309 0.568696711328 0.560888581952 0.550395020350 0.573824279985 0 0.563014029995 0.570949586876 0.555043758637 0.584601091627 0.560932532674 0.554875120077 0.566233140655 0.549137192510 0.555962219599 0.552917552563 0.592103698418 0.556382719063 0.559192714743 0.557794151508 0.576900954791 0.570118105722 0.568418615420 0.560758743331 0.580863172872 0.567355321977 0.588572096284 0.554859689269 0.549164208456 0.548943874472 0.578101687134 0.556175854850 0.565134328358 0.564489311164 0.565997130560 0.563579820318 0.581224391420 0.576580851821 0.564861983177 0.569172674219 0.566018539453 0.553951890034 0.584871060172 0.574332039278 0.561061531235 0.562147867081 0.579947350349 0.563665668892 0.575837540156 0.587246376812 0.554202898551 0.571461370681 0.574603898324 0.568731291734 0.594871205152 0.627496066804 0.571167257345 0.574042309891 0.572541829017 0.584047537424 0.560590094837 0.569063279655 0.566724039013 0.564038286235 0.561329374143 0.574939979422 0.575955159003 0.565305433682 0.573630924988 0.565949164186 0.569428636467 0.557672324212 0.555896736040 0.562256363219 0.576286978803 0.564728815503 0.581726930535 0.553693570451 0.578506709485 0.555173204864 0.571526743787 0.548976776270 0.578013367135 0.585242951410 0.561113067982 0.566260909508 0.560147346610 0.557192174914 0.591578462954 0.565407143678 0.547608095676 0.571821621002 0.569461077844 0.559370693615 0.551779563720 0.553372400322 0.550097779823
 0.544915971467 0.569711538462 0.553549939832 0.560902436097 0.561777456647 0.555541856738 0.554754177185 0.546087572288 0.550743921616 0.568712394705 0.551317530983 0.599639423077 0.579946131244 0.567682850332 0.567850692354 0.544396284830 0.561876247505 0.563014029995 0 0.550665680473 0.563969612927 0.571081704504 0.561268209083 0.535523868568 0.563742544732 0.558804991806 0.553079466144 0.557403105514 0.587381625876 0.547702736631 0.564420280693 0.561519903498 0.557794401544 0.571583122972 0.559704206570 0.546436020120 0.555391432792 0.570662342522 0.549810998659 0.542117705612 0.556213017751 0.556496823222 0.552951075850 0.571151515152 0.566765578635 0.567211905055 0.559871350816 0.556132303235 0.578973530508 0.553547276528 0.550879783438 0.573675993755 0.555344868452 0.555835432410 0.579124579125 0.565300742871 0.576354077516 0.555167008320 0.550858652576 0.556934570430 0.565071368598 0.570873786408 0.565925385831 0.558855356499 0.564304461942 0.547561564462 0.575268169218 0.614126299772 0.575899280576 0.583483375345 0.544723256093 0.570404016256 0.562728825970 0.557221032596 0.565662650602 0.539861144362 0.562088372650 0.585875570502 0.546522781775 0.564211520302 0.543722108310 0.573575378697 0.577960840497 0.564142753798 0.555874267957 0.555248286642 0.572555205047 0.540465898175 0.578304597701 0.544954567193 0.585671282360 0.551955843533 0.562785114046 0.551209531833 0.564034345145 0.563188513430 0.557701711491 0.565254033229 0.563320882034 0.585974213761 0.567783286975 0.536312176322 0.553306830502 0.568971737823 0.543122676580 0.539221592963 0.550762946053 0.545366911676 0.560207528958
 0.554170661553 0.563006193425 0.567167740396 0.565945817490 0.563775205823 0.571603277486 0.554988123515 0.556515646894 0.574889075429 0.564792758456 0.557318382441 0.594646044021 0.576265016382 0.564357666957 0.562582030784 0.544930734339 0.591976152031 0.570949586876 0.550665680473 0 0.580756834189 0.573471104169 0.564907619853 0.572183964584 0.575876923077 0.574274685593 0.549024360684 0.589550425273 0.574592358238 0.574362165526 0.564112196344 0.562514912909 0.556672651107 0.562187871581 0.555037090213 0.569518716578 0.575051822948 0.574885788369 0.571273385637 0.577635151814 0.570803102327 0.541969678294 0.556217246308 0.577209414025 0.561508420796 0.569880691502 0.557268722467 0.555833929850 0.585765299840 0.559620760909 0.570399316156 0.563718497385 0.564758329423 0.566096053257 0.597070033349 0.573990498812 0.572433875273 0.553780109707 0.555502733539 0.593970570642 0.582658408766 0.606144245770 0.559980806142 0.591282600929 0.576255168340 0.558181167204 0.586899354530 0.620308773691 0.569460935645 0.591108997979 0.558659217877 0.574067495560 0.576978939724 0.574560886479 0.560685387911 0.549703440095 0.576066350711 0.599762187872 0.559448865661 0.567738164816 0.557506270154 0.573483947681 0.554820415879 0.554373804971 0.561975658750 0.588809523810 0.583593937936 0.554894022386 0.567266698247 0.561330807483 0.582459485224 0.549976201809 0.580637488107 0.578005725191 0.576120834332 0.563888547932 0.559168379064 0.562700964630 0.580002386350 0.569532464427 0.575997125404 0.570798569726 0.573541691519 0.571292662623 0.572602403728 0.546236559140 0.555317630264 0.556960515329 0.562238431185
 0.578332569858 0.571704765154 0.559034498463 0.565941536370 0.585045662100 0.563057173422 0.569353007946 0.555965559656 0.565709710626 0.574160500854 0.556339631232 0.581194640018 0.595204513399 0.553892944039 0.558232473167 0.558164481526 0.580465341735 0.555043758637 0.563969612927 0.580756834189 0 0.567832813763 0.570791788856 0.565794191466 0.587846763540 0.564033695519 0.561706629055 0.556743421053 0.591151070626 0.567514915378 0.576369230769 0.568540095956 0.574424435833 0.570096645821 0.570427389706 0.567194142655 0.583087280028 0.575830524795 0.581189617041 0.573310972688 0.567961760020 0.561177884615 0.551006482429 0.570455856896 0.574199690587 0.565376878476 0.568246784183 0.554807801985 0.587110737045 0.582761882242 0.579775280899 0.570764345657 0.561301177790 0.558012929568 0.581733499943 0.568969422424 0.584912280702 0.578557593711 0.572985244041 0.569355575868 0.572823248950 0.588756035870 0.552018454441 0.595308585744 0.575305291723 0.580891574507 0.588744588745 0.613407015858 0.583569405099 0.579036827195 0.582925997499 0.569584418526 0.573459163463 0.572999663337 0.585559977260 0.574997174183 0.574306734578 0.586719636776 0.569905885021 0.570918822480 0.564954337900 0.572190692395 0.560636856369 0.556624298637 0.564036076663 0.577500000000 0.583487725799 0.542215161144 0.583267472056 0.566033469019 0.569657682247 0.555378667273 0.572547683924 0.567407407407 0.569258878611 0.569326474459 0.586150426951 0.559339407745 0.571216786407 0.576002734731 0.587221905305 0.576712952424 0.558216444292 0.556438791733 0.566603007878 0.563383492932 0.558245255143 0.539733211720 0.551763497318
 0.557929998845 0.568017449202 0.574384916073 0.573180515759 0.577450190026 0.592765600671 0.581200504993 0.562182311081 0.568799907418 0.586309865625 0.573270404052 0.600871160018 0.594287068863 0.560859479917 0.577508650519 0.569280731297 0.581349932870 0.584601091627 0.571081704504 0.573471104169 0.567832813763 0 0.572086432873 0.565353571859 0.569528415961 0.588820638821 0.574047788029 0.580232282531 0.590536202592 0.572496629489 0.579982679698 0.570621468927 0.574394463668 0.577060108034 0.575754060325 0.568914258533 0.584690360157 0.578572291340 0.575455079272 0.567642787996 0.571217530469 0.578660530459 0.546643717728 0.584344377042 0.579646017699 0.576226774655 0.566846846847 0.566978193146 0.591992258377 0.566972258602 0.564071999046 0.558958476715 0.563102392562 0.560073512520 0.581774360151 0.565655409273 0.581384360973 0.577282696525 0.576654053434 0.579616362376 0.594166283877 0.587539157675 0.579302325581 0.593368639190 0.591257580959 0.577611079054 0.587651471437 0.629022465088 0.585186883742 0.584116433647 0.563640537128 0.572997711670 0.574115434348 0.585102759169 0.568356904680 0.579121884290 0.584068767908 0.608591065292 0.568137535817 0.568140794224 0.580198476806 0.586167279412 0.577270131354 0.575827737902 0.573321151211 0.589917317409 0.591960738490 0.548201769505 0.582038391225 0.574283430399 0.602091232908 0.567806333180 0.584412607450 0.571691811586 0.583641404806 0.577154549831 0.586048700153 0.577374108991 0.570360142676 0.571675501268 0.593634686347 0.588858195212 0.572875892240 0.580585870190 0.559990382303 0.561161022806 0.570426583879 0.547204610951 0.565237436607
 0.580190341910 0.574582408597 0.571428571429 0.558778981708 0.579847685999 0.579252110977 0.573491730724 0.552601421041 0.556601553307 0.572562755400 0.546198830409 0.593870178301 0.560100466451 0.564462504618 0.569005847953 0.560004839100 0.577215811441 0.560932532674 0.561268209083 0.564907619853 0.570791788856 0.572086432873 0 0.549205193544 0.571463296062 0.573208338473 0.547738693467 0.572417910448 0.593858702171 0.543639053254 0.573149528068 0.550615835777 0.553146607289 0.574227405248 0.575061815613 0.565071368598 0.574450186276 0.574543239951 0.557865969582 0.557125456760 0.563622847231 0.568326012689 0.552106430155 0.594957587182 0.571221632062 0.579565895191 0.547466440924 0.559643777830 0.580031695721 0.574744437763 0.558452481077 0.586999649901 0.570622119816 0.567804535890 0.586319598459 0.585553099919 0.584415584416 0.578978204828 0.557302585604 0.588152492669 0.587507297140 0.600636717368 0.566395663957 0.563238563239 0.570119475699 0.571428571429 0.601852937727 0.627388142487 0.577017114914 0.600512462148 0.555996730118 0.578481602236 0.556757399263 0.576376861794 0.562310030395 0.558317843866 0.560232558140 0.585243803096 0.561358613470 0.569070273988 0.557417389266 0.574564988906 0.561767776360 0.553283985431 0.579087849600 0.579291807877 0.572221566080 0.571211767453 0.583701464776 0.571743929360 0.559995340168 0.551716086855 0.571395267514 0.557919345412 0.573541495481 0.565930063137 0.581608374970 0.550087668030 0.572282099344 0.594572464616 0.563834780568 0.566588785047 0.545167329745 0.570994862214 0.554278107225 0.569540297111 0.557815971004 0.535831381733 0.561549262813
 0.542146974063 0.558486512294 0.565753260739 0.542558250119 0.561416098553 0.578404907975 0.574358974359 0.544143510376 0.543292902606 0.553023977097 0.566594930655 0.577510135941 0.570142353084 0.570537607584 0.563494913226 0.523727563314 0.561069651741 0.554875120077 0.535523868568 0.572183964584 0.565794191466 0.565353571859 0.549205193544 0 0.568131325599 0.558326024308 0.574121366898 0.562614092735 0.581594043696 0.550561797753 0.560604153556 0.564336251349 0.561900191939 0.569041651748 0.556436119116 0.544588321525 0.557210892661 0.558830814962 0.565611406477 0.561271175961 0.567716831932 0.540681114551 0.554826393032 0.564971070395 0.556265356265 0.563111545988 0.569654494037 0.555129893451 0.566864784547 0.573418030784 0.571463474224 0.563266277824 0.563229228049 0.562209232971 0.587905534351 0.554960742327 0.560252672498 0.567493112948 0.559794920711 0.550861656295 0.583820546474 0.565484064943 0.554872165943 0.581978967495 0.568418560606 0.572675113555 0.598396937433 0.637615258305 0.560752112341 0.584226828687 0.556112702961 0.557749494469 0.543581040126 0.558622316584 0.564988640440 0.558610020231 0.584896699121 0.582589019888 0.565051779550 0.570541363956 0.562912318580 0.574255065554 0.558701575643 0.546891843335 0.546510250030 0.556152285476 0.572772217533 0.546854482512 0.571835668487 0.562633451957 0.583045188983 0.574034334764 0.560853498629 0.548529763328 0.569920844327 0.570847708231 0.557524271845 0.561634018156 0.554251497006 0.575583482944 0.578310365488 0.544075489728 0.535765550239 0.563178618303 0.545465731512 0.546966614814 0.563306258958 0.552597014925 0.557761301124
